               Convergence Check               
IT         Rel. DE       Rel. DP       Rel. DT  
-----------------------------------------------
1        7.5675E-06    2.6376E-02    2.6317E-03
2        7.7347E-06    2.6520E-02    2.6381E-03
3        7.8138E-06    2.6349E-02    2.6425E-03
4        7.8495E-06    2.6061E-02    2.6453E-03
5        7.9002E-06    2.5757E-02    2.6463E-03
6        7.9520E-06    2.5458E-02    2.6455E-03
7        1.6083E-05    5.0697E-02    5.2871E-03
8        0.0000E+00    0.0000E+00    0.0000E+00
9        8.1368E-06    2.4686E-02    2.6297E-03
10       8.2046E-06    2.4476E-02    2.6188E-03
11       8.2796E-06    2.4291E-02    2.6044E-03
12       8.3543E-06    2.4175E-02    2.5858E-03
13       8.4400E-06    2.4086E-02    2.5622E-03
14       8.5319E-06    2.4047E-02    2.5326E-03
15       8.6281E-06    2.4015E-02    2.4957E-03
16       8.7149E-06    2.3994E-02    2.4504E-03
17       8.7507E-06    2.3951E-02    2.3955E-03
18       8.6200E-06    2.3758E-02    2.3312E-03
19       1.5658E-05    4.5467E-02    4.4659E-03
20       8.6055E-06    1.9618E-02    2.1475E-03
21       9.7611E-06    1.8059E-02    2.0703E-03
22       6.6011E-06    1.7854E-02    1.9428E-03
23       4.8805E-06    1.6520E-02    1.8345E-03
24       6.3012E-06    1.2812E-02    1.7867E-03
25       9.7659E-06    8.6315E-03    1.7485E-03
26       7.6073E-06    6.9607E-03    1.6275E-03
27       5.8379E-07    6.1443E-03    1.4734E-03
28       5.6091E-08    1.4895E-03    1.4383E-03
29       3.5135E-06    6.2083E-03    1.5133E-03
30       5.6986E-06    1.2118E-02    1.5694E-03
31       1.1842E-06    1.3259E-02    1.5327E-03
32       3.9887E-06    1.1120E-02    1.4679E-03
33       3.2678E-06    4.7233E-03    1.3336E-03
34       2.0339E-06    3.9351E-03    1.1657E-03
35       1.3668E-06    1.0318E-02    1.0628E-03
36       6.1851E-06    1.2579E-02    1.0574E-03
37       7.8568E-06    1.3696E-02    1.0480E-03
38       4.3885E-06    1.4800E-02    9.9622E-04
39       3.9570E-06    1.3166E-02    9.8507E-04
40       1.3878E-06    8.6208E-03    1.0332E-03
41       2.9891E-06    1.1757E-03    1.1675E-03
42       1.2027E-05    4.9060E-03    1.2819E-03
43       1.4653E-06    3.4609E-03    1.1917E-03
44       2.2853E-06    3.8760E-04    1.0896E-03
45       1.3781E-06    2.1256E-03    1.0107E-03
46       1.6761E-06    2.5878E-03    9.8936E-04
47       6.8343E-06    3.2498E-04    1.0574E-03
48       4.5357E-06    7.4737E-04    1.0460E-03
49       1.3238E-06    3.1147E-03    9.8947E-04
50       1.8571E-06    4.5064E-03    9.7777E-04
51       2.3880E-06    4.2724E-03    1.0251E-03
52       5.2896E-06    3.2282E-03    1.1049E-03
53       7.2740E-06    4.2437E-03    1.1278E-03
54       3.3753E-06    8.0046E-03    1.0700E-03
55       6.1947E-06    1.1225E-02    1.0261E-03
56       5.7124E-06    1.3798E-02    9.8367E-04
57       4.3916E-06    1.4663E-02    9.6701E-04
58       5.0189E-06    1.3233E-02    1.0030E-03
59       6.0255E-06    1.0786E-02    1.0639E-03
60       4.7860E-06    9.2526E-03    1.1038E-03
61       5.7171E-06    8.5899E-03    1.1283E-03
62       8.2787E-06    1.0007E-02    1.0940E-03
63       4.6746E-06    1.3471E-02    9.8220E-04
64       7.1485E-06    1.5664E-02    8.9062E-04
65       2.7959E-06    1.5992E-02    8.1585E-04
66       1.7371E-06    1.2093E-02    8.4774E-04
67       3.5405E-06    4.6465E-03    9.9310E-04
68       1.6703E-05    1.8700E-03    9.7686E-04
69       7.4943E-06    8.5741E-03    6.2328E-04
70       5.4275E-07    1.1366E-02    4.1798E-04
71       6.8475E-07    8.2825E-03    3.9900E-04
72       5.0624E-06    1.3101E-03    5.0702E-04
73       7.8482E-06    3.4992E-03    5.3612E-04
74       4.6629E-06    3.6803E-03    4.1588E-04
75       2.1502E-06    4.9215E-03    3.8301E-04
76       1.9718E-06    6.6626E-03    4.1128E-04
77       4.7955E-06    7.5281E-03    4.3853E-04
78       6.8210E-06    4.4725E-03    3.3967E-04
79       4.7594E-06    3.9837E-03    3.5061E-04
80       7.9112E-06    5.6293E-03    4.3010E-04
81       2.7437E-06    9.8450E-04    2.6441E-04
82       6.7443E-06    5.0906E-03    3.5046E-05
83       2.4790E-06    6.1332E-03    3.6875E-05
84       7.5271E-06    3.0046E-03    1.2158E-05
85       1.8022E-06    9.3916E-04    1.3081E-05
86       5.9629E-06    2.2495E-03    1.2256E-05
87       4.5235E-06    8.8751E-03    1.2523E-04
88       2.3122E-06    1.1983E-02    1.4947E-04
89       5.9775E-06    1.1648E-02    8.1361E-05
90       7.1090E-06    6.4826E-03    1.4189E-04
91       5.8716E-06    3.4598E-03    2.8191E-04
92       9.6122E-07    5.5360E-03    2.4750E-04
93       1.6131E-06    8.4855E-03    1.8809E-04
94       3.1225E-06    1.0514E-02    1.5165E-04
95       5.0060E-06    1.3800E-02    3.7076E-05
96       1.1773E-05    1.6405E-02    1.1242E-04
97       1.8256E-06    9.2692E-03    1.3853E-05
98       4.7061E-06    9.6847E-04    1.9234E-04
99       2.0412E-06    6.8285E-03    2.2427E-04
100      2.2924E-06    7.9260E-03    1.2703E-04
101      1.4101E-06    7.3233E-03    2.6980E-06
102      9.0955E-06    7.3023E-03    8.5105E-05
103      1.0500E-05    9.7017E-03    5.7512E-05
104      5.6886E-06    6.2042E-03    2.0496E-04
105      4.8947E-06    3.0336E-03    3.2152E-04
106      1.0159E-05    2.3288E-04    4.4686E-04
107      2.8216E-06    1.6717E-03    4.0196E-04
108      5.1766E-06    4.0791E-03    3.4563E-04
109      1.1903E-06    6.3998E-03    2.7757E-04
110      3.5793E-06    6.0099E-03    3.0432E-04
111      8.8971E-06    5.5025E-03    3.3933E-04
112      3.1905E-07    6.8180E-03    3.0897E-04
113      1.1027E-06    5.1779E-03    3.9011E-04
114      1.5124E-05    2.1843E-03    5.2929E-04
115      4.6408E-06    4.8570E-03    4.5644E-04
116      3.7282E-06    7.5859E-03    3.7222E-04
117      5.3547E-06    3.9338E-03    4.9986E-04
118      4.9709E-06    3.0298E-04    6.0267E-04
119      1.5381E-05    2.8227E-03    7.0002E-04
120      5.4541E-06    2.6152E-03    5.0435E-04
121      4.0081E-06    1.1646E-02    1.9134E-04
122      2.8229E-06    1.3514E-02    1.2204E-04
123      7.1751E-06    1.0704E-02    1.8863E-04
124      1.0645E-05    7.3520E-03    2.5260E-04
125      4.6769E-06    7.6036E-03    1.5457E-04
126      4.6402E-06    7.4443E-03    4.8341E-05
127      9.2406E-06    1.2812E-03    1.7398E-04
128      4.4933E-06    3.5005E-03    2.5593E-04
129      4.8597E-06    6.4165E-03    3.1386E-04
130      1.1218E-05    4.4732E-03    2.4104E-04
131      4.9471E-07    3.7484E-03    4.2202E-05
132      3.2617E-07    8.4835E-03    1.8557E-04
133      6.8630E-06    7.1412E-03    1.1865E-04
134      9.3696E-06    3.6711E-03    7.1914E-06
135      1.1060E-05    2.0308E-03    5.9414E-05
136      8.7557E-06    1.7223E-03    5.1730E-05
137      4.6622E-06    4.9125E-03    3.0770E-04
138      2.6108E-06    9.5286E-03    4.9469E-04
139      4.7753E-06    9.3809E-03    5.2094E-04
140      1.5863E-05    6.7532E-03    4.7628E-04
141      5.5610E-06    2.6274E-03    1.4422E-04
142      6.4968E-07    6.6265E-03    3.6758E-05
143      9.1885E-06    2.5331E-03    1.6083E-05
144      5.9790E-06    9.2133E-03    3.2953E-04
145      2.8060E-06    1.7457E-02    5.2775E-04
146      1.7367E-05    1.7082E-02    4.8623E-04
147      1.4397E-05    4.1313E-03    5.1848E-05
148      1.0987E-05    3.1008E-03    1.2418E-04
149      2.1448E-07    1.1032E-03    1.8688E-07
150      1.0497E-05    5.8612E-03    2.6149E-04
151      2.8368E-06    1.8000E-02    7.1628E-04
152      7.7633E-06    2.3021E-02    9.5563E-04
153      1.1075E-05    1.3573E-02    7.2951E-04
154      1.6660E-05    6.7086E-03    1.3456E-04
155      4.0925E-06    1.2948E-02    4.2219E-06
156      1.3777E-05    1.3327E-02    1.1537E-05
157      6.3848E-07    1.3696E-02    1.1750E-04
158      6.9197E-06    8.9068E-03    8.9628E-05
159      1.2172E-06    5.0071E-03    1.2644E-04
160      6.7472E-06    1.2116E-04    1.3760E-04
161      4.6473E-06    1.0629E-02    6.7128E-05
162      6.8493E-06    1.8765E-02    2.1807E-04
163      1.8605E-06    1.8743E-02    1.0844E-04
164      1.5810E-06    1.4998E-02    9.7567E-05
165      2.7888E-06    1.2701E-02    2.2130E-04
166      3.4595E-06    1.1519E-02    2.8705E-04
167      2.4218E-06    8.9993E-03    3.8488E-04
168      7.5287E-06    6.1687E-03    4.8059E-04
169      1.6601E-05    1.0336E-02    3.2197E-04
170      1.9231E-05    1.9764E-02    4.1909E-05
171      1.2273E-05    1.5825E-02    1.2367E-05
172      1.0209E-05    1.0433E-02    5.8143E-05
173      2.2557E-06    9.5427E-04    2.3092E-04
174      8.2670E-07    2.6001E-03    2.5216E-04
175      7.8337E-06    7.9865E-04    1.0573E-04
176      2.5855E-06    4.1959E-03    1.3479E-05
-----------------------------------------------
        Converged at the time 1.76 a.u.        
-----------------------------------------------
Warmup stage ended according to set thresholds:
    Rel. DE         Rel. DP        Rel. DT     
    1.2E-05         5.0E-03        1.0E-04     
-----------------------------------------------
Averaged values after this time:
System energy      E_tot :             -13.5664
System pressure    P     :               0.0521
System temperature T     :           7.0410E-01
