               Convergence Check               
IT         Rel. DE       Rel. DP       Rel. DT  
-----------------------------------------------
1        6.7761E-04    2.1172E-03    5.5900E-04
2        7.9714E-04    1.7696E-03    5.7143E-07
3        7.9709E-04    1.8416E-03    3.0185E-06
4        7.9627E-04    1.9033E-03    6.2491E-06
5        7.9477E-04    1.9776E-03    9.6717E-06
6        7.9255E-04    2.0589E-03    1.3414E-05
7        1.5758E-03    4.4166E-03    3.9791E-05
8        0.0000E+00    0.0000E+00    0.0000E+00
9        7.8074E-04    2.3916E-03    2.7459E-05
10       7.7475E-04    2.5263E-03    3.3246E-05
11       7.6754E-04    2.6569E-03    3.9228E-05
12       7.5906E-04    2.7539E-03    4.4171E-05
13       7.4954E-04    2.7491E-03    4.5001E-05
14       7.3986E-04    2.5474E-03    3.8216E-05
15       7.3168E-04    2.1868E-03    3.2706E-05
16       7.2465E-04    2.0003E-03    5.0558E-05
17       7.1378E-04    2.0086E-03    6.7419E-05
18       6.9943E-04    1.7714E-03    5.1005E-05
19       1.3704E-03    2.1227E-03    8.5058E-05
20       6.7045E-04    8.1523E-04    7.6043E-05
21       6.5428E-04    4.5057E-04    5.2892E-05
22       6.4311E-04    6.2508E-04    9.3558E-07
23       6.4332E-04    1.9053E-03    2.4268E-05
24       6.4835E-04    2.5586E-03    7.1840E-08
25       6.4838E-04    2.3085E-03    3.6257E-05
26       6.4057E-04    1.1000E-03    8.4147E-05
27       6.2284E-04    3.2896E-05    5.8349E-05
28       6.1065E-04    5.0025E-04    1.7712E-05
29       6.0693E-04    9.5714E-04    1.7712E-05
30       6.0316E-04    1.5703E-03    3.4314E-05
31       5.9592E-04    2.0921E-03    3.4059E-05
32       5.8876E-04    2.1982E-03    1.5627E-05
33       5.8548E-04    1.8134E-03    8.6320E-06
34       5.8730E-04    1.1038E-03    2.2823E-05
35       5.9208E-04    4.9694E-04    1.1921E-05
36       5.9452E-04    3.0712E-04    1.9532E-05
37       5.9041E-04    3.6082E-04    3.4664E-05
38       5.8316E-04    4.2828E-04    3.5958E-05
39       5.7560E-04    3.9903E-04    3.2205E-05
40       5.6884E-04    7.8355E-05    3.9502E-06
41       5.6805E-04    1.1051E-03    3.6322E-05
42       5.7570E-04    2.0167E-03    3.6795E-05
43       5.8332E-04    1.8687E-03    2.3868E-05
44       5.7818E-04    9.4981E-04    6.0948E-05
45       5.6559E-04    4.7285E-04    1.5438E-05
46       5.6244E-04    1.1748E-04    2.1184E-05
47       5.5794E-04    1.1133E-03    4.9741E-05
48       5.4769E-04    1.6072E-03    1.0038E-05
49       5.4569E-04    1.7709E-03    7.2935E-06
50       5.4719E-04    1.9831E-03    4.9655E-06
51       5.4616E-04    2.1798E-03    9.3120E-06
52       5.4420E-04    2.1620E-03    9.6670E-07
53       5.4404E-04    1.6435E-03    2.8119E-05
54       5.4993E-04    1.0327E-03    2.9441E-05
55       5.5596E-04    9.4437E-04    1.1299E-05
56       5.5354E-04    1.0620E-03    2.3125E-05
57       5.4887E-04    8.4069E-04    7.8696E-06
58       5.5051E-04    8.1820E-04    6.5126E-07
59       5.5035E-04    1.0854E-03    1.4657E-05
60       5.4735E-04    1.3042E-03    7.0620E-06
61       5.4592E-04    1.3863E-03    4.7308E-07
62       5.4603E-04    1.3812E-03    2.1273E-06
63       5.4649E-04    1.3953E-03    3.3107E-06
64       5.4585E-04    1.4867E-03    1.0664E-05
65       5.4366E-04    1.7197E-03    2.2381E-05
66       5.3910E-04    2.0180E-03    2.9898E-05
67       5.3298E-04    2.4366E-03    4.4912E-05
68       5.2373E-04    2.8387E-03    5.3022E-05
69       5.1287E-04    2.7542E-03    3.1750E-05
70       5.0638E-04    2.0532E-03    2.6828E-06
71       5.0594E-04    9.7129E-04    1.8158E-05
72       5.0969E-04    3.7996E-04    1.1483E-05
73       5.0729E-04    5.4815E-04    5.2586E-05
74       4.9658E-04    8.6721E-04    5.1307E-05
75       4.8613E-04    1.1752E-03    4.7919E-05
76       4.7636E-04    1.3802E-03    4.2840E-05
77       4.6766E-04    1.2751E-03    2.6279E-05
78       4.6231E-04    8.4806E-04    9.1133E-06
79       4.6046E-04    1.0245E-04    1.2689E-05
80       4.6318E-04    8.4611E-04    3.5997E-05
81       4.7062E-04    1.0206E-03    2.3398E-06
82       4.7006E-04    6.8379E-05    7.2934E-05
83       4.5519E-04    1.1559E-03    6.1392E-05
84       4.4273E-04    1.2476E-03    3.5124E-06
85       4.4361E-04    2.7445E-04    6.8723E-05
86       4.5772E-04    5.0169E-04    4.6920E-05
87       4.6713E-04    2.0407E-04    2.6850E-05
88       4.6172E-04    7.8547E-05    1.6014E-05
89       4.5861E-04    8.6102E-05    6.0359E-06
90       4.5985E-04    3.9896E-04    1.9120E-05
91       4.5596E-04    8.2583E-04    2.8340E-05
92       4.5028E-04    7.9856E-04    2.9663E-06
93       4.5095E-04    4.0212E-04    2.9302E-05
94       4.5705E-04    1.9231E-04    2.3080E-05
95       4.6167E-04    9.6894E-04    4.0485E-05
96       4.5343E-04    1.8795E-03    4.9723E-05
97       4.4350E-04    1.9684E-03    9.3850E-07
98       4.4337E-04    1.6134E-03    1.4040E-05
99       4.4630E-04    1.1554E-03    1.4077E-05
100      4.4920E-04    1.0282E-03    8.1280E-06
101      4.4755E-04    1.2914E-03    3.1601E-05
102      4.4123E-04    1.3717E-03    1.5670E-05
103      4.3814E-04    1.1624E-03    8.8522E-07
104      4.3838E-04    8.1121E-04    6.7824E-06
105      4.3982E-04    5.1367E-04    2.2543E-06
106      4.4027E-04    5.0690E-04    1.5020E-05
107      4.3733E-04    5.3236E-04    1.1885E-05
108      4.3495E-04    6.7380E-04    1.7677E-05
109      4.3147E-04    6.5782E-04    4.8963E-06
110      4.3055E-04    5.2432E-04    5.0452E-06
111      4.3165E-04    4.2812E-04    4.1123E-06
112      4.3254E-04    7.0305E-04    2.1334E-05
113      4.2825E-04    1.2788E-03    4.5525E-05
114      4.1920E-04    1.6852E-03    3.8061E-05
115      4.1157E-04    1.9649E-03    3.5972E-05
116      4.0441E-04    1.8466E-03    1.5001E-05
117      4.0141E-04    1.2688E-03    1.1047E-05
118      4.0381E-04    8.4165E-05    5.0314E-05
119      4.1405E-04    5.7755E-04    1.4389E-05
120      4.1682E-04    2.0145E-04    7.5894E-05
121      4.0166E-04    1.1362E-03    7.0217E-05
122      3.8769E-04    1.5028E-03    2.6839E-05
123      3.8244E-04    1.3940E-03    6.1804E-06
124      3.8375E-04    1.3088E-03    3.1566E-06
125      3.8440E-04    1.4061E-03    6.9775E-06
126      3.8308E-04    1.3028E-03    9.5386E-06
127      3.8506E-04    1.0306E-03    2.0532E-05
128      3.8921E-04    6.8848E-04    2.3275E-05
129      3.9401E-04    4.3205E-04    1.5942E-05
130      3.9716E-04    8.2921E-04    3.3199E-05
131      3.9054E-04    1.1817E-03    3.3474E-05
132      3.8398E-04    8.9851E-04    3.3113E-06
133      3.8460E-04    2.7756E-04    1.8235E-05
134      3.8842E-04    9.6905E-04    6.4672E-05
135      4.0149E-04    1.5384E-03    2.2382E-05
136      4.0574E-04    5.1891E-04    7.7811E-05
137      3.9037E-04    9.0170E-05    2.5366E-05
138      3.8549E-04    4.9153E-04    2.6204E-05
139      3.9079E-04    7.8167E-04    1.0547E-05
140      3.9288E-04    6.3723E-04    2.1774E-05
141      3.8861E-04    5.8166E-04    1.3833E-05
142      3.8601E-04    8.1357E-04    4.5565E-06
143      3.8698E-04    8.9626E-04    9.2706E-06
144      3.8517E-04    6.9949E-04    2.8403E-05
145      3.7963E-04    5.2808E-04    2.2409E-05
146      3.7524E-04    4.0102E-04    1.8938E-05
147      3.7159E-04    4.3775E-04    6.7049E-06
148      3.7037E-04    4.1562E-04    1.3508E-05
149      3.6776E-04    1.9191E-05    4.4681E-05
150      3.5890E-04    6.7376E-04    6.2098E-05
151      3.4671E-04    8.0052E-04    2.7979E-05
152      3.4127E-04    4.5712E-04    1.7677E-06
153      3.4096E-04    4.6840E-05    8.3598E-06
154      3.4273E-04    5.9842E-04    2.0775E-05
155      3.4693E-04    5.7498E-04    7.3559E-06
156      3.4541E-04    2.0379E-04    4.9208E-05
157      3.3578E-04    6.4020E-04    2.2724E-05
158      3.3139E-04    4.6219E-04    1.0977E-05
159      3.3371E-04    4.1855E-05    1.8637E-05
160      3.3742E-04    1.6796E-04    2.2346E-05
161      3.3298E-04    7.1446E-04    4.6206E-05
162      3.2398E-04    8.0623E-04    7.4897E-06
163      3.2268E-04    7.9233E-04    3.9597E-06
164      3.2338E-04    1.3574E-03    3.4809E-05
165      3.1660E-04    1.4058E-03    1.2775E-06
166      3.1710E-04    9.9460E-04    2.5301E-05
167      3.2200E-04    1.2456E-03    3.0442E-05
168      3.1611E-04    1.3420E-03    1.8031E-05
169      3.1269E-04    1.2184E-03    7.8769E-06
170      3.1110E-04    1.1403E-03    1.7155E-05
171      3.0788E-04    5.3087E-04    1.5461E-05
172      3.1096E-04    1.0108E-04    1.0605E-05
173      3.1305E-04    6.6136E-04    5.6778E-06
174      3.1425E-04    1.4969E-03    2.5640E-05
175      3.1943E-04    2.3203E-03    2.8098E-05
176      3.2495E-04    2.6297E-03    7.6982E-07
177      3.2490E-04    2.6705E-03    3.4654E-06
178      3.2439E-04    2.3069E-03    1.6804E-05
179      3.2104E-04    1.0581E-03    7.0702E-05
180      3.0721E-04    9.2895E-05    4.8593E-05
181      2.9780E-04    1.1511E-04    1.3569E-05
182      3.0054E-04    7.5587E-04    5.2648E-05
183      3.1102E-04    1.3691E-03    6.1763E-05
184      3.2313E-04    1.0215E-03    1.4385E-05
185      3.2600E-04    5.9823E-08    1.1614E-05
186      3.2386E-04    1.1298E-03    9.3933E-06
187      3.2206E-04    2.3378E-03    1.9394E-05
188      3.1833E-04    3.1307E-03    2.7652E-06
189      3.1799E-04    3.3980E-03    1.5319E-05
190      3.2092E-04    3.7646E-03    1.6849E-05
191      3.1770E-04    3.3844E-03    1.4327E-05
192      3.2070E-04    2.3231E-03    4.0154E-05
193      3.2850E-04    1.4864E-03    7.5011E-06
194      3.3009E-04    7.7088E-04    7.4129E-06
195      3.2869E-04    3.0924E-04    2.5542E-05
196      3.2383E-04    9.3198E-05    2.2044E-05
197      3.1957E-04    1.7351E-04    3.3670E-05
198      3.1312E-04    9.0082E-05    3.5039E-05
199      3.0626E-04    1.0045E-05    3.4841E-05
200      2.9967E-04    6.0831E-04    1.0307E-05
201      3.0174E-04    1.2778E-03    7.2599E-06
202      3.0327E-04    1.6866E-03    3.6647E-06
203      3.0260E-04    1.4559E-03    3.1483E-05
204      2.9654E-04    7.4138E-04    4.4524E-05
205      2.8798E-04    1.6915E-04    4.0919E-05
206      0.0000E+00    0.0000E+00    0.0000E+00
207      2.8008E-04    1.0893E-03    3.6789E-05
208      2.7298E-04    1.5916E-03    1.6211E-05
209      2.6987E-04    1.2064E-03    2.7180E-05
210      2.7530E-04    1.8192E-04    8.1042E-05
211      2.9122E-04    1.4301E-03    6.7518E-05
212      3.0424E-04    1.3863E-03    1.4843E-05
213      3.0138E-04    1.0883E-03    1.8459E-05
214      2.9792E-04    1.2065E-03    2.1702E-05
215      3.0239E-04    1.0166E-03    9.9889E-06
216      3.0420E-04    5.5087E-04    8.0618E-05
217      2.8860E-04    1.8323E-03    5.8771E-05
218      2.7749E-04    2.1337E-03    2.0667E-06
219      2.7705E-04    2.5452E-03    3.0057E-05
220      2.7130E-04    2.4591E-03    1.2033E-05
221      2.6910E-04    1.6248E-03    2.4340E-05
222      2.7394E-04    7.0306E-04    2.3164E-05
223      2.7843E-04    3.8920E-04    1.7044E-05
224      2.7517E-04    2.3753E-04    2.4139E-05
225      2.7056E-04    2.7503E-04    2.1654E-07
226      2.7063E-04    1.2681E-03    3.1971E-05
227      2.7692E-04    2.1299E-03    3.2084E-05
228      2.8316E-04    2.2947E-03    2.3745E-06
229      2.8376E-04    1.6517E-03    3.2373E-05
230      2.7746E-04    1.6148E-04    8.0108E-05
231      2.6210E-04    9.2088E-04    4.6645E-05
232      2.5325E-04    1.3608E-03    1.0037E-05
233      2.5138E-04    1.7519E-03    1.7921E-05
234      2.4798E-04    2.1564E-03    2.8826E-05
235      2.4244E-04    2.2833E-03    2.2341E-05
236      2.3822E-04    1.7762E-03    8.3068E-06
237      2.3992E-04    9.2391E-04    2.1586E-05
238      2.4408E-04    1.6017E-04    1.2871E-05
239      2.4665E-04    6.3550E-04    2.7024E-05
240      2.5196E-04    1.1496E-03    2.3520E-05
241      2.5648E-04    1.1160E-03    6.4158E-07
242      2.5673E-04    1.1375E-03    1.3571E-05
243      2.5941E-04    1.0532E-03    1.0463E-05
244      2.6150E-04    7.9777E-04    4.1716E-06
245      2.6244E-04    2.5682E-04    9.6885E-06
246      2.6050E-04    7.7969E-04    4.3385E-05
247      2.5230E-04    1.2460E-03    4.8403E-06
248      2.5154E-04    1.3585E-03    7.2324E-06
249      2.5288E-04    1.7606E-03    2.7563E-05
250      2.4768E-04    1.6543E-03    2.2949E-06
251      2.4734E-04    9.3710E-04    2.4456E-05
252      2.5209E-04    4.0465E-05    2.9313E-05
253      2.5770E-04    1.0869E-03    2.6803E-05
254      2.6301E-04    2.5636E-03    5.6959E-05
255      2.7409E-04    3.4987E-03    2.2091E-05
256      2.7841E-04    2.9583E-03    7.2334E-05
257      2.6445E-04    1.6279E-03    1.1544E-04
258      2.4243E-04    1.1729E-03    4.9989E-05
259      2.3306E-04    1.5196E-03    6.5943E-06
260      2.3435E-04    1.4671E-03    1.6120E-05
261      2.3126E-04    1.0951E-03    2.9299E-05
262      2.2574E-04    8.1388E-04    1.5618E-05
263      2.2274E-04    5.9270E-04    6.5190E-06
264      2.2168E-04    5.7514E-04    1.1443E-05
265      2.2379E-04    1.4960E-04    2.0923E-05
266      2.1995E-04    1.0849E-04    9.2400E-06
267      2.1814E-04    4.1572E-04    1.9427E-05
268      2.1450E-04    2.5010E-05    2.6150E-05
269      2.1977E-04    8.7566E-04    5.4599E-05
270      2.3015E-04    4.3717E-04    2.4872E-05
271      2.2540E-04    6.3558E-04    4.6016E-05
272      2.1677E-04    1.3674E-03    1.1418E-05
273      2.1467E-04    2.1385E-03    1.5928E-05
274      2.1164E-04    2.9271E-03    2.2191E-05
275      2.0754E-04    3.2762E-03    1.3806E-07
276      2.0758E-04    3.5773E-03    7.4106E-06
277      2.0616E-04    3.9437E-03    2.0867E-05
278      2.0225E-04    3.9149E-03    6.4360E-06
279      2.0108E-04    3.5050E-03    3.3888E-06
280      2.0179E-04    2.8784E-03    1.7593E-06
281      2.0218E-04    2.2283E-03    8.9757E-06
282      2.0049E-04    1.6766E-03    2.6166E-05
283      1.9548E-04    9.3243E-04    1.7548E-05
284      1.9230E-04    3.6773E-04    2.2681E-05
285      1.9662E-04    1.2356E-03    3.2526E-06
286      1.9720E-04    1.6340E-03    5.8081E-06
287      1.9622E-04    2.2459E-03    3.5144E-05
288      2.0311E-04    2.2486E-03    1.2229E-05
289      2.0530E-04    8.9607E-04    6.8932E-05
290      1.9227E-04    9.9846E-05    3.6483E-05
291      1.8549E-04    3.4359E-04    7.9889E-06
292      1.8705E-04    7.4840E-04    1.1067E-05
293      1.8494E-04    1.3652E-03    2.7789E-05
294      1.7977E-04    1.7725E-03    1.7613E-05
295      1.7640E-04    2.0664E-03    2.8015E-05
296      1.7110E-04    1.7113E-03    4.1890E-06
297      1.7037E-04    6.1370E-04    2.7048E-05
298      1.7560E-04    6.0397E-04    2.8341E-05
299      1.8103E-04    1.0240E-03    1.7727E-05
300      1.7765E-04    2.6885E-04    7.9558E-05
301      1.6246E-04    8.8700E-04    9.2580E-05
302      1.4499E-04    1.3198E-03    4.0657E-05
303      1.3724E-04    1.1641E-03    6.8409E-06
304      1.3604E-04    2.0304E-04    4.1460E-05
305      1.4401E-04    8.8355E-04    4.2101E-05
306      1.5199E-04    1.1903E-03    1.8956E-05
307      1.4831E-04    9.8172E-04    5.3614E-05
308      1.3822E-04    1.0277E-03    2.6012E-05
309      1.3328E-04    9.0709E-04    2.8888E-05
310      1.2775E-04    7.5591E-04    1.8965E-05
311      1.2426E-04    1.1851E-03    2.4538E-05
312      1.2892E-04    1.7216E-03    3.1845E-05
313      1.3502E-04    2.0048E-03    1.5489E-05
314      1.3787E-04    1.9984E-03    5.8849E-06
315      1.3689E-04    2.4627E-03    2.4777E-05
316      1.4164E-04    2.7770E-03    8.3920E-06
317      1.4324E-04    2.5955E-03    3.0156E-05
318      1.3747E-04    1.9826E-03    5.5940E-05
319      1.2685E-04    1.6570E-03    3.2892E-05
320      1.2075E-04    1.9279E-03    4.7368E-06
321      1.2153E-04    2.1155E-03    1.3275E-05
322      1.1904E-04    2.7716E-03    1.5540E-05
323      1.2216E-04    3.6048E-03    2.9411E-05
324      1.2760E-04    3.0224E-03    6.4133E-05
325      1.1541E-04    1.8796E-03    8.5259E-05
326      9.9303E-05    1.0997E-03    4.4224E-05
327      9.0916E-05    6.2334E-04    1.3222E-05
328      8.8492E-05    3.2768E-04    9.5962E-06
329      9.0281E-05    4.2981E-04    2.1755E-05
330      8.6035E-05    1.3737E-03    3.9357E-05
331      7.8654E-05    1.4892E-03    7.0394E-06
332      8.0010E-05    1.1286E-03    2.3459E-05
333      8.4427E-05    9.3131E-04    3.7952E-06
334      8.5122E-05    1.1432E-03    2.2251E-05
335      8.0842E-05    1.5750E-03    3.6078E-05
336      7.3947E-05    1.4627E-03    5.0976E-06
337      7.2969E-05    8.4078E-05    6.7793E-05
338      8.5880E-05    2.4060E-03    1.2969E-04
339      1.1049E-04    4.5622E-03    9.8604E-05
340      1.2894E-04    4.9794E-03    1.4441E-05
341      1.2614E-04    4.7500E-03    3.1693E-05
342      1.2031E-04    4.6757E-03    7.3208E-06
343      1.2165E-04    3.9211E-03    2.1194E-05
344      1.1770E-04    2.6361E-03    3.8901E-05
345      1.1033E-04    8.7383E-04    6.0232E-05
346      9.8900E-05    8.6434E-04    5.8538E-05
347      8.7802E-05    1.6554E-03    4.2895E-06
348      8.7041E-05    1.1469E-03    7.1689E-05
349      1.0066E-04    1.3872E-04    1.0118E-04
350      1.1982E-04    5.6817E-05    5.4601E-05
351      1.3001E-04    1.1978E-03    2.8911E-05
352      1.2456E-04    2.7078E-03    3.3974E-05
353      1.1824E-04    3.7626E-03    7.9887E-06
354      1.1674E-04    4.5965E-03    1.0571E-05
355      1.1473E-04    4.9994E-03    5.5149E-06
356      1.1366E-04    4.6364E-03    2.1860E-05
357      1.1787E-04    3.4219E-03    5.9360E-05
358      1.2908E-04    2.1135E-03    4.8594E-05
359      1.3822E-04    1.0867E-03    2.1116E-05
360      1.4222E-04    2.0392E-04    1.1150E-05
361      1.4433E-04    4.4962E-04    2.9779E-06
362      1.4495E-04    7.8313E-04    6.4860E-06
363      1.4368E-04    6.3718E-04    2.5877E-05
364      1.3882E-04    6.1771E-04    6.7783E-06
365      1.3761E-04    1.0584E-03    2.5424E-05
366      1.4246E-04    1.6373E-03    3.3589E-05
367      1.4889E-04    1.8972E-03    1.5563E-05
368      1.5174E-04    1.2833E-03    3.1888E-05
369      1.4574E-04    5.7767E-04    2.2113E-05
370      1.4168E-04    1.4170E-04    9.4384E-06
371      1.4351E-04    5.2686E-04    4.0875E-06
372      1.4264E-04    1.3645E-03    1.6762E-05
373      1.3959E-04    1.2775E-03    4.1524E-05
374      1.4744E-04    5.5062E-04    7.1131E-05
375      1.6085E-04    5.8891E-04    9.3429E-05
376      1.7865E-04    1.5341E-03    8.2551E-05
377      1.9415E-04    9.3595E-04    1.7679E-05
378      1.9083E-04    7.0927E-04    7.6861E-05
379      1.7627E-04    2.3927E-03    7.8317E-05
380      1.6168E-04    2.5610E-03    1.7794E-05
381      1.6521E-04    1.7579E-03    6.4156E-05
382      1.7735E-04    1.7692E-03    9.9327E-06
383      1.7531E-04    2.4784E-03    6.6764E-05
384      1.6287E-04    2.0513E-03    7.0282E-06
385      1.6436E-04    7.8120E-04    5.6820E-05
386      1.7512E-04    1.8452E-04    1.3341E-05
387      1.7753E-04    6.3495E-04    4.4627E-05
388      1.6925E-04    8.1515E-04    8.9870E-06
389      1.6765E-04    8.3745E-04    1.2449E-05
390      1.7000E-04    1.0177E-03    1.1681E-05
391      1.7238E-04    1.3851E-03    9.2546E-06
392      1.7392E-04    2.5561E-03    4.9225E-05
393      1.6483E-04    2.9690E-03    3.2745E-06
394      1.6440E-04    2.7870E-03    1.9422E-05
395      1.6799E-04    3.1258E-03    2.7844E-05
396      1.6289E-04    3.5174E-03    3.1122E-05
397      1.5712E-04    4.1234E-03    4.7451E-05
398      1.4821E-04    4.8881E-03    6.7383E-05
399      1.3556E-04    5.0444E-03    4.7074E-05
400      1.2673E-04    3.7876E-03    1.5993E-05
401      1.2984E-04    1.1952E-03    8.0929E-05
402      1.4508E-04    1.4482E-03    8.3144E-05
403      1.6070E-04    2.8844E-03    3.2063E-05
404      1.6666E-04    2.8858E-03    2.3330E-05
405      1.6239E-04    2.3240E-03    3.1062E-05
406      1.5660E-04    1.2113E-03    5.6468E-05
407      1.4601E-04    7.3899E-06    6.6119E-05
408      1.3367E-04    4.5689E-04    2.6341E-05
409      1.2890E-04    2.8419E-05    1.4810E-05
410      1.3172E-04    1.1676E-04    2.1416E-05
411      1.2759E-04    2.6451E-04    6.8295E-05
412      1.1481E-04    2.0200E-04    1.8219E-05
413      1.1155E-04    1.6712E-03    4.2408E-05
414      1.1952E-04    2.7597E-03    2.0452E-05
415      1.2330E-04    2.6892E-03    3.6820E-05
416      1.1638E-04    2.0521E-03    5.2432E-05
417      1.0660E-04    1.6519E-03    2.4667E-05
418      1.0201E-04    1.7333E-03    3.8744E-06
419      1.0271E-04    2.2342E-03    2.3704E-05
420      1.0721E-04    3.0711E-03    3.8448E-05
421      1.1439E-04    3.6427E-03    1.7671E-05
422      1.1771E-04    3.7233E-03    1.1113E-05
423      1.1556E-04    3.3134E-03    4.1064E-05
424      1.0792E-04    3.0935E-03    2.3281E-05
425      1.0364E-04    3.0520E-03    7.4702E-06
426      1.0228E-04    2.5396E-03    3.3415E-05
427      9.5973E-05    1.4664E-03    6.8330E-05
428      8.3175E-05    6.0443E-04    5.4959E-05
429      7.2889E-05    5.8238E-04    4.1120E-06
430      7.2230E-05    1.2962E-03    4.0445E-05
431      7.9682E-05    1.6395E-03    1.4349E-05
432      8.2318E-05    1.7479E-03    1.0927E-05
433      8.4408E-05    1.8679E-03    2.7510E-05
434      8.9503E-05    1.5354E-03    4.4051E-06
435      9.0204E-05    9.7766E-04    5.4847E-06
436      8.9239E-05    9.8269E-04    3.9046E-05
437      9.6578E-05    7.7056E-04    2.3226E-05
438      1.0078E-04    9.0945E-05    2.0873E-05
439      9.6909E-05    4.4474E-04    8.4615E-06
440      9.8457E-05    6.8868E-05    4.9059E-05
441      1.0784E-04    1.1438E-03    7.2801E-05
442      1.2123E-04    9.2065E-04    3.2056E-05
443      1.1522E-04    7.1487E-04    3.4732E-05
444      1.0890E-04    1.3792E-03    1.7034E-05
445      1.1205E-04    2.1031E-03    3.2903E-06
446      1.1272E-04    2.7561E-03    4.9436E-06
447      1.1174E-04    3.1269E-03    2.2054E-05
448      1.0770E-04    3.5053E-03    1.3747E-05
449      1.0516E-04    3.4495E-03    3.6417E-05
450      9.8294E-05    2.8542E-03    6.4982E-05
451      8.6161E-05    2.5886E-03    3.9666E-05
452      7.8779E-05    2.9796E-03    4.9495E-06
453      7.9664E-05    3.7034E-03    3.1159E-05
454      8.5511E-05    4.4175E-03    4.6388E-05
455      9.4233E-05    4.1190E-03    1.2085E-06
456      9.3803E-05    2.1495E-03    9.2379E-05
457      7.6562E-05    4.0199E-04    5.7251E-05
458      6.5998E-05    1.6865E-04    2.5587E-05
459      7.0792E-05    2.2545E-04    5.5071E-05
460      8.1034E-05    4.5302E-04    4.0679E-05
461      8.8580E-05    1.0706E-03    1.2808E-05
462      9.0913E-05    1.8601E-03    3.7604E-06
463      9.0179E-05    2.2781E-03    1.2046E-05
464      9.2421E-05    2.0421E-03    4.9254E-05
465      1.0167E-04    1.3693E-03    7.4014E-05
466      1.1550E-04    1.2812E-03    3.4654E-05
467      1.2180E-04    2.3246E-03    4.0175E-05
468      1.1416E-04    3.0752E-03    1.1987E-05
469      1.1232E-04    2.8018E-03    5.9293E-05
470      1.2300E-04    3.1865E-03    5.3460E-06
471      1.2234E-04    2.6293E-03    6.2901E-05
472      1.3401E-04    2.5527E-03    1.4083E-05
473      1.3649E-04    2.7547E-03    1.4264E-05
474      1.3399E-04    1.9587E-03    5.1953E-05
475      1.4375E-04    9.8212E-04    6.3053E-05
476      1.5555E-04    7.7001E-04    2.0427E-05
477      1.5936E-04    1.6200E-03    3.8707E-05
478      1.5216E-04    2.7693E-03    5.7625E-05
479      1.4152E-04    3.3132E-03    3.0119E-05
480      1.3594E-04    3.1734E-03    4.8541E-06
481      1.3506E-04    2.3126E-03    3.0051E-05
482      1.4076E-04    9.6890E-04    6.0369E-05
483      1.5206E-04    2.4719E-04    2.1951E-05
484      1.5597E-04    6.1216E-04    3.7757E-05
485      1.4909E-04    6.5375E-04    8.7834E-06
486      1.5084E-04    5.6610E-04    2.9656E-05
487      1.5636E-04    9.4303E-04    4.8970E-06
488      1.5735E-04    1.5035E-03    4.3795E-06
489      1.5654E-04    2.1343E-03    2.1897E-05
490      1.5249E-04    2.3064E-03    6.9448E-06
491      1.5143E-04    2.0036E-03    7.0688E-06
492      1.5251E-04    2.0913E-03    4.5239E-05
493      1.4431E-04    9.5550E-04    2.8541E-05
494      1.4982E-04    5.9863E-04    4.0008E-05
495      1.5701E-04    1.0133E-03    4.8182E-05
496      1.4817E-04    1.9075E-03    4.8340E-06
497      1.4748E-04    2.9423E-03    1.9600E-05
498      1.5102E-04    2.8577E-03    3.6694E-05
499      1.4425E-04    2.5669E-03    2.1433E-05
500      1.4046E-04    2.3744E-03    1.6063E-06
501      1.4066E-04    1.5460E-03    3.9066E-05
502      1.3340E-04    1.0480E-03    1.1948E-05
503      1.3137E-04    1.5482E-03    6.1149E-05
504      1.4288E-04    1.4737E-03    2.0649E-05
505      1.4649E-04    1.7408E-04    8.5391E-05
506      1.3073E-04    1.1898E-03    3.6933E-05
507      1.2404E-04    9.3008E-04    4.2698E-05
508      1.3205E-04    1.8967E-04    6.0543E-05
509      1.4320E-04    1.7075E-04    2.6259E-05
510      1.4811E-04    4.3870E-04    2.3227E-05
511      1.5245E-04    5.7380E-04    1.7613E-05
512      1.5561E-04    7.8570E-04    2.7511E-05
513      1.6097E-04    1.8453E-03    8.9216E-05
514      1.7757E-04    2.0425E-03    2.4769E-05
515      1.8209E-04    9.1727E-04    6.2385E-05
516      1.7069E-04    1.9000E-04    5.7175E-05
517      1.6021E-04    1.0405E-03    4.8125E-05
518      1.5137E-04    1.6043E-03    4.2306E-05
519      1.4358E-04    1.7207E-03    2.0069E-05
520      1.4005E-04    1.2193E-03    2.0223E-05
521      1.4385E-04    1.2068E-03    8.6092E-06
522      1.4227E-04    2.0934E-03    5.7896E-05
523      1.3159E-04    3.3205E-03    7.2054E-05
524      1.1833E-04    4.0841E-03    4.7521E-05
525      1.0957E-04    4.1136E-03    1.5655E-05
526      1.0675E-04    3.3823E-03    1.5480E-05
527      1.0958E-04    2.4115E-03    1.0012E-05
528      1.1134E-04    1.0924E-03    2.2304E-05
529      1.1552E-04    1.0909E-03    7.7097E-05
530      1.2991E-04    3.3369E-03    8.7127E-05
531      1.4599E-04    3.6359E-03    3.2628E-05
532      1.3973E-04    2.1458E-03    1.2588E-04
533      1.1678E-04    1.3049E-03    4.6432E-05
534      1.0823E-04    2.0592E-04    5.1143E-05
535      9.8744E-05    9.6713E-04    4.3390E-05
536      9.0872E-05    1.5224E-03    3.3019E-06
537      9.1449E-05    2.0504E-03    2.9225E-08
538      9.1500E-05    2.5664E-03    3.8601E-06
539      9.2233E-05    3.2455E-03    6.7369E-06
540      9.0981E-05    4.1292E-03    2.5855E-05
541      8.6186E-05    4.9281E-03    3.1872E-05
542      8.0279E-05    5.1053E-03    1.0659E-05
543      7.8357E-05    4.3178E-03    3.0208E-05
544      8.3969E-05    3.1804E-03    3.4412E-05
545      9.0214E-05    2.4285E-03    5.6953E-06
546      8.9104E-05    1.7019E-03    1.4687E-05
547      8.6367E-05    4.1614E-04    1.5971E-05
548      8.9441E-05    1.2590E-03    4.0617E-05
549      9.6801E-05    2.0335E-03    2.0407E-05
550      9.3025E-05    2.2821E-03    4.4370E-05
551      8.4846E-05    2.0661E-03    7.7498E-05
552      7.0422E-05    1.6912E-03    8.7833E-05
553      5.4478E-05    2.0022E-03    2.7865E-05
554      4.9139E-05    1.2398E-03    8.9951E-05
555      3.2468E-05    5.4990E-04    7.4379E-05
556      1.8703E-05    1.1336E-03    2.3075E-06
557      1.8223E-05    3.0394E-03    6.5260E-05
558      3.0364E-05    5.3458E-03    8.2452E-05
559      4.5223E-05    6.0801E-03    2.0365E-05
560      4.1404E-05    6.5997E-03    6.9355E-06
561      4.0187E-05    7.6953E-03    5.4174E-05
562      5.0068E-05    8.6482E-03    5.9584E-05
563      6.1138E-05    9.1611E-03    5.2767E-05
564      7.0703E-05    8.0270E-03    4.3602E-05
565      6.2561E-05    6.0708E-03    8.4266E-05
566      4.7019E-05    4.4554E-03    4.9974E-05
567      3.7822E-05    3.5570E-03    4.5338E-07
568      3.7936E-05    3.2626E-03    4.0776E-05
569      4.5350E-05    2.8704E-03    3.1330E-05
570      5.1119E-05    2.4715E-03    3.2061E-05
571      5.6977E-05    1.7551E-03    1.1854E-06
572      5.7052E-05    8.9780E-04    2.3552E-05
573      5.2700E-05    8.3709E-04    2.0331E-05
574      5.6445E-05    1.4272E-03    5.4838E-05
575      6.6440E-05    2.0667E-03    5.4615E-05
576      7.6436E-05    2.7369E-03    6.8639E-05
577      8.9150E-05    3.2756E-03    7.8034E-05
578      1.0348E-04    2.7071E-03    1.5289E-05
579      1.0614E-04    1.3253E-03    3.2258E-05
580      1.0040E-04    1.9343E-04    9.2952E-06
581      9.8545E-05    1.3331E-03    4.1889E-05
582      9.0963E-05    2.4920E-03    1.2849E-05
583      8.8574E-05    3.4295E-03    6.9060E-06
584      8.7340E-05    3.9486E-03    3.3046E-06
585      8.7868E-05    3.9484E-03    1.7735E-05
586      9.1171E-05    3.0509E-03    6.7001E-05
587      1.0357E-04    1.7468E-03    8.7242E-05
588      1.1964E-04    1.3674E-03    2.4730E-05
589      1.2400E-04    2.1275E-03    4.5647E-05
590      1.1574E-04    2.4541E-03    1.1281E-06
591      1.1603E-04    2.5445E-03    2.0421E-05
592      1.1982E-04    2.8823E-03    6.6688E-06
593      1.2114E-04    3.5523E-03    1.3558E-05
594      1.1859E-04    4.7818E-03    5.5788E-05
595      1.0829E-04    5.7136E-03    4.0112E-05
596      1.0101E-04    5.5226E-03    3.0508E-05
597      1.0668E-04    4.8694E-03    5.0550E-05
598      1.1592E-04    4.5186E-03    2.2996E-05
599      1.2014E-04    4.0876E-03    2.2545E-05
600      1.2433E-04    3.1848E-03    4.9430E-05
601      1.3355E-04    2.1209E-03    6.2200E-05
602      1.4498E-04    1.8911E-03    9.6253E-06
603      1.4668E-04    2.4078E-03    3.2861E-05
604      1.4072E-04    2.4403E-03    1.7315E-06
605      1.4114E-04    1.7299E-03    4.4517E-05
606      1.4938E-04    8.1630E-04    5.0721E-05
607      1.5874E-04    2.6246E-04    2.8207E-05
608      1.6384E-04    1.4958E-04    6.9893E-06
609      1.6537E-04    3.9443E-04    4.9521E-05
610      1.7457E-04    2.2364E-04    1.7338E-06
611      1.7407E-04    1.0912E-03    8.5112E-05
612      1.5862E-04    1.2995E-03    2.0983E-06
613      1.5855E-04    6.7487E-04    6.1765E-05
614      1.6984E-04    9.6401E-04    1.1426E-05
615      1.7209E-04    1.8071E-03    8.2092E-06
616      1.7057E-04    3.0661E-03    3.6610E-05
617      1.6394E-04    3.5068E-03    8.8176E-06
618      1.6581E-04    2.5529E-03    7.7304E-05
619      1.7998E-04    1.4748E-03    5.6865E-05
620      1.9049E-04    3.6137E-04    4.1583E-05
621      1.9825E-04    4.8651E-04    1.7227E-05
622      2.0142E-04    5.6610E-04    3.5391E-05
623      1.9491E-04    6.5278E-04    2.6444E-05
624      1.9034E-04    1.9389E-03    6.4619E-05
625      2.0240E-04    2.7931E-03    4.9034E-05
626      2.1137E-04    1.7407E-03    6.0286E-05
627      2.0049E-04    6.7295E-05    9.0539E-05
628      1.8405E-04    1.7647E-03    7.9039E-05
629      1.6971E-04    2.5189E-03    2.4641E-05
630      1.6539E-04    2.1165E-03    3.7590E-05
631      1.7235E-04    1.2964E-03    4.8879E-05
632      1.8132E-04    3.6403E-04    4.1065E-05
633      1.8896E-04    8.6415E-04    5.2043E-05
634      1.9871E-04    1.5429E-03    2.0961E-05
635      2.0247E-04    3.3937E-04    8.8312E-05
636      1.8642E-04    1.0570E-03    8.2964E-05
637      1.7146E-04    1.0992E-03    3.8314E-06
638      1.7234E-04    2.2285E-05    7.3134E-05
639      1.8584E-04    1.4427E-03    9.2868E-05
640      2.0289E-04    2.1115E-03    5.1038E-05
641      2.1223E-04    1.6907E-03    9.7411E-06
642      2.1052E-04    8.3478E-04    3.0619E-05
643      2.0501E-04    7.8656E-04    2.8525E-05
644      2.1075E-04    1.7901E-03    1.0312E-04
645      2.2944E-04    8.4337E-04    3.1078E-05
646      2.2383E-04    8.6726E-04    6.4601E-05
647      2.1236E-04    1.7259E-03    3.7526E-06
648      2.1324E-04    2.5947E-03    1.0191E-06
649      2.1342E-04    3.7819E-03    2.1389E-05
650      2.0980E-04    4.2018E-03    2.4896E-05
651      2.1443E-04    4.1391E-03    3.8415E-05
652      2.2170E-04    3.5245E-03    5.7926E-05
653      2.3240E-04    3.5380E-03    1.6401E-06
654      2.3268E-04    4.3986E-03    6.2334E-05
655      2.2158E-04    4.6433E-03    2.3155E-05
656      2.1756E-04    4.3247E-03    7.6470E-06
657      2.1909E-04    3.7229E-03    2.7126E-05
658      2.2434E-04    2.8999E-03    5.1736E-05
659      2.3394E-04    3.2294E-03    1.0130E-05
660      2.3218E-04    5.0533E-03    9.4174E-05
661      2.1522E-04    7.0500E-03    9.8441E-05
662      1.9749E-04    8.0084E-03    4.7261E-05
663      1.8915E-04    7.3325E-03    3.0816E-05
664      1.9494E-04    5.9062E-03    5.1427E-05
665      2.0439E-04    4.7969E-03    1.3071E-05
666      2.0681E-04    4.1679E-03    2.3924E-05
667      2.0272E-04    3.4255E-03    1.2592E-05
668      2.0059E-04    3.1432E-03    4.0996E-05
669      1.9324E-04    3.4506E-03    6.6568E-05
670      1.8133E-04    3.4306E-03    3.3959E-05
671      1.7526E-04    2.8653E-03    6.7082E-06
672      1.7673E-04    1.6680E-03    5.0741E-05
673      1.8589E-04    1.2625E-03    5.9356E-06
674      1.8705E-04    7.5093E-04    2.5994E-05
675      1.9218E-04    4.1190E-04    8.8524E-05
676      2.0826E-04    2.1155E-04    1.8219E-06
677      2.0794E-04    2.1115E-03    5.7171E-05
678      1.9784E-04    3.1789E-03    1.4526E-06
679      1.9772E-04    3.3545E-03    3.6061E-05
680      2.0446E-04    2.8526E-03    6.2604E-05
681      2.1597E-04    2.7100E-03    3.2176E-05
682      2.2186E-04    3.4980E-03    2.9096E-05
683      2.1674E-04    4.1653E-03    2.6671E-05
684      2.1213E-04    3.9451E-03    1.4585E-05
685      2.1507E-04    3.2966E-03    2.6037E-05
686      2.1982E-04    3.1757E-03    2.1211E-05
687      2.1620E-04    2.6648E-03    1.1096E-05
688      2.1445E-04    1.9503E-03    1.3266E-05
689      2.1215E-04    1.7804E-03    4.7237E-05
690      2.0384E-04    1.6384E-03    3.7189E-05
691      1.9732E-04    1.4738E-03    2.8024E-05
692      1.9237E-04    1.3226E-03    2.1494E-05
693      1.8866E-04    9.1284E-04    8.5442E-06
694      1.9048E-04    5.7149E-04    1.9773E-05
695      1.9420E-04    1.6526E-03    5.7099E-05
696      1.8391E-04    3.7387E-03    1.2176E-04
697      1.6213E-04    4.7557E-03    7.4068E-05
698      1.4896E-04    4.1799E-03    9.0498E-06
699      1.4746E-04    2.5888E-03    2.4746E-05
700      1.5200E-04    4.6433E-04    3.8112E-05
701      1.5900E-04    1.7926E-03    4.3975E-05
702      1.6699E-04    3.3883E-03    2.5395E-05
703      1.7170E-04    4.2977E-03    1.7422E-05
704      1.7498E-04    4.4518E-03    1.8995E-06
705      1.7543E-04    3.8781E-03    2.0537E-05
706      1.7188E-04    2.9915E-03    2.0807E-05
707      1.6824E-04    1.9656E-03    2.0869E-05
708      1.6472E-04    9.9791E-04    8.7543E-06
709      1.6331E-04    6.7863E-04    4.8792E-05
710      1.5453E-04    3.0478E-03    9.3195E-05
711      1.3792E-04    4.0313E-03    2.9172E-05
712      1.3288E-04    3.1779E-03    4.7340E-05
713      1.4156E-04    1.6775E-03    6.3231E-05
714      1.5308E-04    1.2937E-03    2.5838E-06
715      1.5250E-04    2.8851E-03    1.0226E-04
716      1.3424E-04    4.2761E-03    6.9871E-05
717      1.2191E-04    4.7568E-03    1.1263E-05
718      1.1992E-04    5.0642E-03    7.7476E-06
719      1.1862E-04    4.8151E-03    1.5716E-05
720      1.2155E-04    3.9423E-03    3.8645E-05
721      1.2860E-04    3.1438E-03    2.7639E-05
722      1.3361E-04    3.1358E-03    1.4204E-05
723      1.3112E-04    3.6716E-03    4.0017E-05
724      1.2396E-04    3.8748E-03    2.9059E-05
725      1.1869E-04    2.6886E-03    3.3259E-05
726      1.2502E-04    4.8448E-04    1.4208E-04
727      1.5061E-04    1.8221E-03    4.5295E-05
728      1.5867E-04    1.9939E-04    1.1550E-04
729      1.3806E-04    2.4175E-03    1.0879E-04
730      1.1877E-04    3.5998E-03    5.8680E-05
731      1.0831E-04    4.1328E-03    4.7874E-05
732      9.9812E-05    3.8774E-03    3.1114E-05
733      9.4256E-05    2.9089E-03    1.5279E-05
734      9.1614E-05    1.3218E-03    1.0194E-05
735      9.3586E-05    1.0518E-04    9.3622E-06
736      9.1813E-05    4.9994E-04    9.2380E-05
737      7.5109E-05    8.1830E-04    8.1998E-05
738      6.0601E-05    1.2561E-03    5.1477E-05
739      6.9966E-05    4.0449E-03    8.5703E-05
740      8.5149E-05    5.4444E-03    1.7629E-05
741      8.8313E-05    6.5880E-03    2.3768E-05
742      9.2726E-05    7.8031E-03    4.4708E-05
743      1.0083E-04    7.5829E-03    1.5437E-05
744      9.8031E-05    5.0520E-03    1.2277E-04
745      7.5984E-05    1.6942E-03    1.5800E-04
746      4.7700E-05    2.1532E-04    8.8841E-05
747      3.1873E-05    2.2112E-04    1.3416E-05
748      3.4308E-05    1.9792E-03    5.4444E-05
749      4.3911E-05    3.7660E-03    3.2308E-05
750      4.9667E-05    5.7058E-03    3.9564E-05
751      5.6776E-05    6.9992E-03    2.0731E-05
752      6.0319E-05    6.6096E-03    3.7474E-05
753      5.3661E-05    5.6682E-03    2.4227E-05
754      4.9332E-05    4.2350E-03    2.4966E-05
755      4.5018E-05    2.0053E-03    6.6874E-05
756      3.2743E-05    1.5568E-03    1.7315E-04
757      1.6339E-06    3.2539E-03    1.0655E-04
758      1.7406E-05    1.2526E-03    5.4824E-05
759      7.6897E-06    3.0823E-03    1.4435E-04
760      1.8116E-05    7.6382E-03    1.4677E-04
761      4.4280E-05    1.0131E-02    5.2801E-05
762      5.3677E-05    9.6999E-03    7.3739E-05
763      4.0097E-05    7.4071E-03    1.4491E-04
764      1.4401E-05    6.5570E-03    1.5415E-05
765      1.1638E-05    5.3086E-03    9.1169E-06
766      9.7332E-06    2.9945E-03    4.3617E-05
767      2.0203E-06    1.8130E-03    3.9834E-05
768      9.1437E-06    1.0276E-03    4.2494E-05
769      1.6475E-05    1.2709E-04    1.4103E-05
770      1.3825E-05    3.1146E-05    3.8050E-05
771      2.0705E-05    1.8854E-03    1.2908E-04
772      4.3800E-05    3.5584E-03    1.1341E-04
773      6.4033E-05    3.2100E-03    9.1557E-06
774      6.5427E-05    1.0802E-03    8.8627E-05
775      4.9524E-05    4.9211E-05    2.5053E-05
776      4.5263E-05    9.8190E-04    8.4689E-05
777      6.0338E-05    1.6242E-03    5.7162E-05
778      7.0532E-05    1.3876E-03    1.2219E-05
779      7.2791E-05    3.5745E-04    3.2974E-05
780      6.6723E-05    1.4618E-03    8.9173E-05
781      5.0792E-05    2.2681E-03    3.4960E-05
782      4.4544E-05    1.4911E-03    4.1135E-05
783      5.1897E-05    3.9175E-04    8.6754E-05
784      6.7450E-05    2.5662E-03    9.2354E-05
785      8.3965E-05    3.8684E-03    3.6041E-05
786      9.0284E-05    4.2673E-03    1.8488E-05
787      8.7037E-05    5.1609E-03    1.8708E-05
788      9.0485E-05    6.5284E-03    5.3547E-05
789      1.0024E-04    7.0128E-03    1.0765E-05
790      1.0196E-04    5.3281E-03    1.1339E-04
791      8.1760E-05    3.5640E-03    1.0654E-04
792      6.2710E-05    2.9403E-03    4.8228E-05
793      5.4167E-05    3.7482E-03    3.3460E-05
794      6.0350E-05    4.7926E-03    5.0825E-05
795      6.9239E-05    3.6554E-03    7.6397E-05
796      5.5461E-05    1.5867E-03    1.1049E-04
797      3.5754E-05    7.2583E-04    1.9099E-05
798      3.2429E-05    9.0340E-04    5.0908E-05
799      4.1273E-05    1.1944E-03    6.1139E-05
800      5.2425E-05    2.0908E-03    1.1499E-04
801      7.2656E-05    2.3204E-03    7.3912E-05
802      8.6143E-05    3.3169E-03    1.2870E-04
803      1.0904E-04    3.7951E-03    8.7936E-05
804      1.2490E-04    3.5401E-03    5.0842E-05
805      1.3400E-04    2.2625E-03    1.7157E-06
806      1.3387E-04    3.9893E-04    3.0623E-05
807      1.2847E-04    2.1908E-03    7.5020E-05
808      1.1518E-04    4.7482E-03    7.3828E-05
809      1.0211E-04    6.4464E-03    2.6434E-05
810      9.7524E-05    7.1518E-03    2.7250E-05
811      1.0245E-04    7.4024E-03    4.7376E-05
812      1.1089E-04    7.4597E-03    5.6059E-05
813      1.2109E-04    7.0686E-03    8.1563E-05
814      1.3563E-04    7.0258E-03    4.7714E-05
815      1.4423E-04    6.6494E-03    5.7061E-05
816      1.5465E-04    5.7254E-03    8.6041E-05
817      1.7016E-04    5.4630E-03    3.6775E-05
818      1.7670E-04    5.8706E-03    1.6840E-05
819      1.7391E-04    4.9836E-03    4.7313E-05
820      1.8280E-04    3.1008E-03    8.9346E-05
821      1.9879E-04    3.4474E-03    5.6574E-05
822      1.8876E-04    5.3533E-03    1.4088E-04
823      1.6397E-04    6.5281E-03    9.1514E-05
824      1.4786E-04    6.8361E-03    5.8075E-05
825      1.3772E-04    6.2613E-03    2.4374E-05
826      1.3359E-04    5.4486E-03    2.4061E-05
827      1.2935E-04    5.3124E-03    6.8829E-05
828      1.1701E-04    4.8825E-03    4.8995E-05
829      1.0852E-04    2.3208E-03    9.1146E-05
830      1.2511E-04    5.8226E-04    1.2876E-04
831      1.4780E-04    6.5957E-04    1.1823E-05
832      1.4602E-04    1.8531E-04    2.1003E-05
833      1.4231E-04    2.1573E-03    7.0422E-05
834      1.2984E-04    3.6503E-03    4.2488E-05
835      1.2247E-04    3.6532E-03    1.7679E-05
836      1.2592E-04    2.5538E-03    8.9679E-05
837      1.4195E-04    1.9366E-03    4.0668E-05
838      1.4919E-04    2.0898E-03    1.3042E-05
839      1.4713E-04    1.8708E-03    7.8593E-06
840      1.4868E-04    2.1098E-03    2.2794E-05
841      1.4463E-04    2.8725E-03    5.3825E-05
842      1.3519E-04    2.4924E-03    4.9329E-06
843      1.3630E-04    6.5481E-04    7.6933E-05
844      1.5008E-04    1.3747E-03    9.2006E-05
845      1.6681E-04    2.5848E-03    7.0162E-05
846      1.7934E-04    8.4804E-04    6.6525E-05
847      1.6762E-04    2.4572E-03    1.2315E-04
848      1.4603E-04    4.8048E-03    5.6582E-05
849      1.3631E-04    6.3498E-03    1.2036E-05
850      1.3433E-04    8.4353E-03    5.1200E-05
851      1.2522E-04    1.0690E-02    7.5012E-05
852      1.1214E-04    1.1196E-02    9.7417E-06
853      1.1410E-04    1.0247E-02    5.8245E-05
854      1.2450E-04    9.4833E-03    1.5594E-05
855      1.2718E-04    8.4561E-03    4.7672E-06
856      1.2655E-04    5.3596E-03    7.7647E-05
857      1.4052E-04    1.8801E-03    7.7806E-05
858      1.5450E-04    8.0471E-04    3.6890E-05
859      1.4784E-04    2.5884E-03    1.5665E-04
860      1.2036E-04    3.7822E-03    9.4352E-05
861      1.0388E-04    3.8348E-03    2.1772E-05
862      1.0022E-04    4.2576E-03    3.3085E-05
863      9.4151E-05    5.7562E-03    9.1039E-05
864      7.8197E-05    5.3946E-03    1.2648E-06
865      7.8667E-05    3.3965E-03    6.7595E-05
866      9.0709E-05    2.9314E-03    2.1531E-05
867      8.6757E-05    4.6170E-03    1.3128E-04
868      6.3551E-05    5.8331E-03    1.0192E-04
869      4.5459E-05    5.2536E-03    1.4886E-05
870      4.2731E-05    2.1030E-03    1.1598E-04
871      6.3655E-05    3.3835E-03    2.5155E-04
872      1.0820E-04    3.7856E-03    1.3591E-05
873      1.0525E-04    8.2551E-04    2.6949E-04
874      5.8041E-05    1.5637E-03    6.3933E-05
875      4.6731E-05    6.2840E-04    1.0306E-05
876      4.5042E-05    6.5030E-04    2.6306E-06
877      4.4506E-05    4.1027E-04    8.4061E-05
878      2.9333E-05    6.3777E-04    1.2463E-04
879      7.4299E-06    5.6562E-04    1.8277E-05
-----------------------------------------------
        Converged at the time 8.79 a.u.        
-----------------------------------------------
Warmup stage ended according to set thresholds:
    Rel. DE         Rel. DP        Rel. DT     
    2.0E-05         5.0E-03        1.0E-04     
-----------------------------------------------
Averaged values after this time:
System energy      E_tot :            -170.3750
System pressure    P     :              -0.0361
System temperature T     :           3.0010E-01
