               Convergence Check               
IT         Rel. DE       Rel. DP       Rel. DT  
-----------------------------------------------
1        1.9783E-02    2.4826E-02    3.0309E-03
2        4.2563E-03    6.6429E-03    7.1622E-04
3        5.0008E-04    3.0646E-03    8.7948E-05
4        9.6860E-04    1.2652E-03    8.8317E-05
5        1.4383E-03    1.5618E-03    3.3320E-05
6        1.2677E-03    4.1384E-03    5.5113E-05
7        2.5356E-03    6.6327E-03    2.1272E-04
8        0.0000E+00    0.0000E+00    0.0000E+00
9        2.1274E-03    3.2777E-03    1.5343E-05
10       2.0458E-03    4.0836E-03    5.7137E-05
11       1.7404E-03    2.5866E-03    7.9822E-05
12       2.2038E-03    1.2230E-03    2.2405E-04
13       3.3878E-03    3.1978E-04    1.0964E-04
14       2.8236E-03    1.3173E-03    1.2533E-04
15       2.1572E-03    2.1479E-03    7.5102E-05
16       1.7620E-03    1.7058E-03    3.2238E-06
17       1.7437E-03    1.4242E-03    3.8290E-05
18       1.5445E-03    1.8713E-04    2.6270E-05
19       3.1546E-03    1.0400E-03    1.2036E-04
20       1.0399E-03    1.0781E-03    2.1024E-05
21       9.3052E-04    4.9270E-04    2.4832E-05
22       1.0667E-03    8.1602E-05    1.9019E-06
23       1.0741E-03    3.8854E-04    5.4705E-07
24       1.0817E-03    1.8378E-03    7.2378E-05
25       1.4899E-03    2.8195E-03    4.9315E-05
26       1.7548E-03    1.2869E-03    1.0155E-04
27       1.1987E-03    1.7682E-04    4.4666E-05
28       9.5147E-04    8.8494E-04    8.0137E-05
29       1.4079E-03    2.4880E-03    1.4608E-04
30       2.2096E-03    1.3250E-03    3.8710E-05
31       2.0115E-03    1.0672E-04    3.3035E-05
32       1.8300E-03    1.3551E-03    3.4978E-05
33       1.6356E-03    1.0291E-03    4.1653E-05
34       1.8721E-03    4.6792E-04    9.0786E-05
35       2.4122E-03    1.5156E-03    6.4317E-05
36       2.7649E-03    1.0256E-03    1.5733E-04
37       1.8933E-03    2.9786E-03    9.4162E-05
38       1.3779E-03    2.2038E-03    6.9515E-05
39       1.7688E-03    1.5334E-03    2.4393E-05
40       1.9167E-03    6.0750E-04    3.5563E-05
41       2.1248E-03    4.4569E-04    2.0722E-05
42       2.0123E-03    1.0829E-03    7.1181E-05
43       1.6182E-03    1.5835E-03    5.7689E-05
44       1.2873E-03    2.3872E-03    8.8142E-05
45       7.9020E-04    1.3191E-03    3.2566E-05
46       9.7834E-04    2.6292E-04    4.5389E-05
47       1.2274E-03    1.8135E-03    4.1521E-05
48       1.4913E-03    4.3016E-03    1.3499E-04
49       2.2503E-03    2.8944E-03    1.2111E-04
50       1.5599E-03    1.3269E-03    9.2329E-05
51       1.0389E-03    9.7563E-04    2.3939E-06
52       1.0555E-03    1.7362E-04    3.0982E-05
53       8.7967E-04    5.7652E-04    4.0260E-05
54       6.3656E-04    1.9869E-04    1.6208E-05
55       7.6292E-04    1.8990E-03    1.2426E-04
56       1.4476E-03    8.1439E-04    2.2994E-04
57       1.1799E-04    1.7564E-03    8.5780E-05
58       3.5794E-04    1.4340E-03    2.0283E-04
59       7.9489E-04    1.2776E-03    4.6910E-05
60       5.2139E-04    4.3639E-04    1.3669E-04
61       2.7041E-04    4.4260E-05    1.9972E-05
62       1.5417E-04    1.6347E-04    8.6059E-06
63       2.0965E-04    4.8764E-04    8.2319E-05
64       6.9464E-04    3.2288E-04    1.3042E-05
65       6.1580E-04    2.6430E-03    1.0925E-04
66       1.0957E-05    3.3984E-03    1.3003E-05
67       7.1967E-05    2.1728E-03    8.2731E-05
68       4.0357E-04    1.4568E-03    1.2748E-05
69       4.9056E-04    1.5097E-03    4.6571E-05
70       2.2293E-04    3.6630E-03    1.9552E-04
71       9.1948E-04    6.1655E-03    2.3060E-04
72       2.2473E-03    3.7618E-03    8.8388E-05
73       1.7325E-03    8.9264E-04    2.1778E-04
74       4.8551E-04    1.8869E-03    1.8750E-05
75       5.8540E-04    1.1303E-03    8.3970E-05
76       1.0870E-03    1.2809E-03    1.8524E-04
77       2.1606E-03    5.3042E-04    2.4329E-05
78       2.0203E-03    2.4713E-03    1.5761E-04
79       1.1125E-03    3.2747E-03    1.0577E-05
80       1.0518E-03    2.1651E-03    8.8001E-05
81       1.5866E-03    1.1455E-03    6.5346E-05
82       1.9443E-03    2.9911E-03    1.4979E-04
83       1.0737E-03    6.3443E-04    1.4800E-04
84       1.9738E-03    2.3843E-03    1.7992E-04
85       3.0273E-03    9.1178E-04    2.3653E-04
86       1.6438E-03    4.1776E-03    1.8822E-04
87       5.3582E-04    4.9011E-03    3.7904E-05
88       3.1779E-04    4.0444E-03    2.4551E-05
89       4.5143E-04    3.7204E-03    5.4491E-05
90       1.1739E-04    2.6562E-03    3.1877E-05
91       7.6670E-05    1.4880E-03    1.6504E-04
92       9.0916E-04    6.5118E-03    2.2691E-04
93       2.2615E-03    7.3390E-03    2.8516E-05
94       2.0835E-03    4.2587E-03    2.2651E-04
95       7.4629E-04    2.8335E-03    4.4423E-05
96       4.9386E-04    1.8265E-03    8.7870E-07
97       4.7513E-04    1.3347E-03    1.4944E-04
98       4.1224E-04    3.2245E-03    6.1022E-05
99       7.8020E-04    4.5405E-03    4.6924E-05
100      1.0741E-03    5.5524E-03    6.0620E-05
101      1.4413E-03    4.3383E-03    5.1883E-05
102      1.1332E-03    1.3149E-03    1.4609E-04
103      2.7751E-04    1.0406E-03    1.0466E-04
104      3.4690E-04    2.0752E-03    6.2225E-05
105      7.0504E-04    4.3696E-04    7.2722E-05
106      2.6164E-04    1.0635E-03    2.8350E-05
107      1.1712E-04    7.3689E-04    1.0008E-04
108      6.7873E-04    3.2856E-03    1.4117E-04
109      1.5149E-04    3.6932E-03    8.5100E-06
110      2.1978E-04    2.1005E-03    8.6987E-05
111      3.0450E-04    1.8540E-03    2.3908E-04
112      1.7331E-03    4.4643E-03    1.6523E-04
113      2.7094E-03    1.8087E-03    1.4362E-04
114      1.8691E-03    2.0616E-03    1.8722E-04
115      7.5330E-04    3.2645E-03    3.0906E-05
116      5.8388E-04    2.0622E-03    8.2337E-05
117      1.0621E-03    2.0504E-03    5.0886E-05
118      7.4249E-04    8.0595E-05    6.7582E-05
119      1.1816E-03    4.9066E-03    2.7765E-04
120      2.8435E-03    5.0264E-03    4.1160E-05
121      2.6110E-03    7.4580E-04    2.6533E-04
122      1.0024E-03    3.7073E-03    2.5440E-04
123      5.3148E-04    3.0985E-03    5.0197E-05
124      2.3261E-04    3.2229E-04    1.6314E-04
125      7.4368E-04    4.3740E-03    1.5143E-04
126      1.6743E-03    9.0219E-03    1.9771E-04
127      2.8404E-03    6.5890E-03    2.9385E-04
128      1.0463E-03    6.5438E-03    5.9001E-05
129      7.6379E-04    1.3759E-02    4.8341E-04
130      3.6765E-03    1.0052E-02    2.5842E-04
131      2.1075E-03    5.2139E-03    2.3245E-04
132      7.2499E-04    6.1150E-03    1.7019E-04
133      1.7709E-03    5.1709E-03    3.0441E-05
134      1.9584E-03    2.2264E-04    2.1130E-04
135      6.5125E-04    5.1883E-03    2.3949E-04
136      8.2079E-04    6.3070E-03    9.4629E-06
137      7.6031E-04    5.4501E-03    8.1809E-05
138      2.8308E-04    5.5618E-03    1.9626E-05
139      4.0301E-04    3.3458E-03    1.2284E-04
140      3.6184E-04    1.0333E-03    1.0793E-04
141      9.9787E-04    2.3625E-03    1.5365E-04
142      4.1667E-05    1.3497E-03    1.1167E-05
143      1.2994E-04    3.7996E-03    2.7845E-04
144      1.8343E-03    5.3196E-03    3.5037E-05
145      2.0573E-03    3.5174E-03    1.4540E-04
146      1.1494E-03    9.4282E-04    2.0530E-04
147      1.3797E-04    2.4419E-03    3.6979E-05
148      1.3700E-04    1.0062E-02    4.4392E-04
149      2.8651E-03    1.0163E-02    4.8893E-05
150      2.5435E-03    4.5120E-03    3.3118E-04
151      5.2524E-04    3.8630E-03    6.7225E-05
152      9.4637E-04    2.7647E-03    3.1071E-05
153      1.1464E-03    7.7616E-04    1.0839E-04
154      4.6346E-04    5.7971E-03    1.9521E-04
155      7.6550E-04    9.2541E-03    1.1400E-04
156      1.4877E-03    8.7086E-03    8.9779E-05
157      9.2475E-04    5.2963E-03    2.2728E-04
158      4.7426E-04    3.9373E-03    6.2176E-05
159      8.5737E-04    4.5431E-03    6.1598E-05
160      4.6473E-04    4.6888E-03    2.4262E-05
161      3.1888E-04    3.1991E-03    9.1319E-05
162      8.7994E-04    2.2033E-03    6.1814E-05
163      1.2645E-03    1.8394E-03    3.3773E-05
164      1.4711E-03    3.5420E-03    9.7226E-05
165      8.6581E-04    4.3048E-03    2.8869E-05
166      7.1042E-04    2.9120E-03    1.0039E-04
167      1.3096E-03    4.5861E-03    1.4571E-04
168      3.8811E-04    2.7290E-03    9.6551E-05
169      1.0142E-03    3.7693E-04    9.9256E-05
170      1.6236E-03    1.9000E-03    1.7779E-04
171      5.1854E-04    8.6244E-04    3.9266E-05
172      7.6854E-04    5.0006E-04    7.9652E-06
173      6.9746E-04    1.4625E-03    8.4882E-05
174      1.7739E-04    1.6997E-04    8.8991E-05
175      7.2872E-04    4.8501E-04    1.5386E-05
176      6.2666E-04    2.7811E-03    1.1796E-04
177      1.3249E-04    4.5214E-03    7.0985E-05
178      6.1434E-04    2.3751E-03    1.7716E-04
179      5.4870E-04    5.2797E-03    5.5667E-04
180      4.0522E-03    4.6299E-03    1.9854E-05
181      3.9564E-03    2.3227E-03    3.4486E-04
182      1.7957E-03    7.9815E-03    2.0038E-04
183      5.1849E-04    1.1801E-02    1.2781E-04
184      3.0352E-04    1.2726E-02    9.1522E-06
185      3.7598E-04    1.0473E-02    1.2403E-04
186      4.2085E-04    5.7498E-03    2.3763E-04
187      1.9202E-03    2.5067E-03    9.5389E-05
188      2.5513E-03    1.4574E-04    4.5261E-05
189      2.8528E-03    2.0424E-04    7.6675E-05
190      2.3453E-03    1.0750E-04    8.3188E-05
191      1.8971E-03    3.4526E-03    2.1670E-04
192      3.2375E-03    2.2368E-03    4.3193E-04
193      4.4728E-04    6.0083E-03    2.4193E-04
194      1.1049E-03    1.0142E-03    3.5744E-04
195      1.2090E-03    1.4835E-03    1.2699E-04
196      2.0178E-03    2.7581E-03    3.3203E-04
197      1.4346E-04    3.9941E-03    7.7502E-05
198      6.3476E-04    7.9833E-04    2.0813E-04
199      7.0004E-04    1.8002E-03    1.2891E-04
200      1.5386E-03    3.6775E-03    8.7175E-05
201      2.0816E-03    5.4076E-03    9.2265E-05
202      2.7486E-03    8.7077E-03    2.5799E-04
203      4.3730E-03    6.3962E-03    1.0136E-04
204      3.8041E-03    6.0848E-03    1.5916E-04
205      4.9220E-03    1.5188E-04    2.4943E-04
206      0.0000E+00    0.0000E+00    0.0000E+00
207      3.2719E-03    9.1269E-03    5.2096E-04
208      1.6003E-04    9.0117E-03    6.8858E-05
209      3.0064E-04    3.0250E-03    3.4937E-04
210      2.6091E-03    2.0712E-03    1.9788E-04
211      3.9380E-03    7.9114E-03    2.6020E-04
212      5.7700E-03    1.4556E-02    3.6807E-04
213      8.2522E-03    8.8682E-03    5.0349E-04
214      4.9866E-03    6.9494E-03    1.2170E-04
215      4.2502E-03    1.0346E-02    2.5316E-04
216      6.0219E-03    6.0114E-03    3.1911E-04
217      3.8562E-03    1.4519E-04    4.1391E-04
218      1.0442E-03    2.8226E-03    2.0419E-04
219      2.4783E-03    9.2630E-03    3.8807E-04
220      5.2395E-03    1.1081E-02    8.8627E-05
221      5.8816E-03    3.7319E-03    4.6751E-04
222      2.6773E-03    2.0244E-03    2.6623E-04
223      8.2036E-04    5.2807E-03    1.3756E-04
224      1.4647E-04    5.8828E-03    2.5111E-05
225      3.5326E-04    6.0132E-03    9.3835E-05
226      1.0434E-03    1.8767E-03    1.1239E-04
227      2.4646E-04    6.0174E-03    3.2366E-04
228      2.0212E-03    1.0906E-02    1.2717E-04
229      2.9641E-03    1.3350E-02    4.9093E-05
230      3.1967E-03    1.1330E-02    2.1104E-04
231      1.9410E-03    1.9220E-02    5.2637E-04
232      5.5668E-03    1.0510E-02    6.2866E-04
233      1.1930E-03    5.6997E-03    2.1328E-04
234      3.7395E-04    1.6481E-05    3.2243E-04
235      2.7008E-03    6.9799E-04    4.1453E-05
236      3.0325E-03    4.8632E-03    3.1153E-04
237      8.0621E-04    9.0451E-03    2.0479E-04
238      6.2845E-04    5.6130E-03    2.3692E-04
239      1.0775E-03    3.9345E-03    4.4620E-05
240      1.4090E-03    6.6712E-03    2.8054E-04
241      5.2831E-04    1.1687E-03    2.0266E-04
242      8.7780E-04    3.5628E-03    1.1864E-04
243      1.7279E-03    2.9934E-03    1.7996E-04
244      5.0149E-04    8.4851E-03    2.5835E-04
245      2.4417E-03    9.5026E-03    2.1097E-05
246      2.1555E-03    7.3888E-04    6.0225E-04
247      1.9609E-03    6.4742E-03    4.3555E-04
248      1.0360E-03    1.9971E-03    2.8587E-04
249      9.3599E-04    8.5328E-04    3.3836E-05
250      6.8807E-04    6.1535E-04    1.5467E-05
251      5.9909E-04    4.3277E-03    7.7048E-05
252      1.0711E-03    6.6235E-03    7.4653E-05
253      5.7390E-04    1.8042E-02    5.3312E-04
254      4.3152E-03    1.9850E-02    3.3211E-05
255      4.2238E-03    1.1220E-02    4.9012E-04
256      7.0198E-04    9.3576E-05    5.1493E-04
257      2.9793E-03    2.4969E-04    1.2726E-04
258      2.0370E-03    2.8594E-03    2.8578E-04
259      1.3839E-04    7.9385E-03    5.6686E-04
260      4.1814E-03    1.3650E-02    2.0610E-04
261      5.7385E-03    1.1311E-02    2.3687E-04
262      4.0559E-03    1.5044E-02    1.8318E-04
263      5.4949E-03    2.7845E-02    8.8074E-04
264      1.1837E-02    1.6546E-02    5.0540E-04
265      8.1690E-03    9.9650E-03    1.3396E-03
266      7.8552E-04    8.8337E-03    5.7616E-04
267      3.0891E-03    9.2824E-03    1.7947E-04
268      4.3777E-03    4.2521E-03    4.6287E-04
269      7.6631E-03    5.2647E-03    6.5412E-04
270      1.2206E-02    9.1207E-03    3.3265E-04
271      1.4539E-02    8.0123E-04    4.3850E-04
272      1.1607E-02    1.4776E-02    6.4455E-04
273      7.5812E-03    1.1679E-02    4.5849E-04
274      1.0675E-02    1.1115E-02    1.6714E-04
275      1.1881E-02    2.0627E-02    4.1901E-04
276      9.2066E-03    3.6016E-02    6.8490E-04
277      5.1496E-03    2.5121E-02    9.6890E-04
278      1.1398E-02    1.5009E-02    6.7138E-04
279      1.5574E-02    2.5577E-02    6.2991E-04
280      1.1942E-02    1.9902E-02    2.8438E-04
281      1.3844E-02    1.6616E-02    1.0171E-04
282      1.3295E-02    1.9928E-02    4.8984E-04
283      1.0664E-02    5.6409E-03    5.2921E-04
284      1.3936E-02    5.8476E-03    2.7617E-04
285      1.2508E-02    2.1488E-02    9.7472E-04
286      7.1501E-03    2.7605E-02    4.6173E-04
287      4.8553E-03    8.9473E-03    6.6756E-04
288      8.8164E-03    2.0830E-03    1.6905E-04
289      1.0027E-02    8.0761E-03    8.0416E-04
290      5.8722E-03    1.3843E-02    5.0821E-04
291      3.3434E-03    1.1900E-02    2.9269E-04
292      1.8356E-03    1.2281E-02    6.2254E-04
293      1.2480E-03    1.7662E-02    7.8017E-04
294      3.1488E-03    2.8903E-02    1.3122E-04
295      2.7103E-03    2.3120E-02    7.1051E-04
296      9.7013E-04    1.0187E-02    9.8817E-04
297      6.1795E-03    2.1572E-02    1.7601E-04
298      5.1019E-03    4.7488E-02    8.7886E-04
299      2.6042E-04    5.1351E-02    5.9339E-05
300      2.7925E-04    5.2226E-02    2.2328E-04
301      1.2547E-03    3.5220E-02    4.8930E-04
302      1.1889E-03    2.9939E-03    1.6183E-03
303      1.0044E-02    3.2672E-02    1.0829E-03
304      1.5972E-02    1.2290E-02    1.8403E-03
305      5.9197E-03    2.4722E-02    6.1475E-04
306      9.8839E-03    6.8055E-02    2.2912E-03
307      2.2897E-02    1.8989E-02    3.1735E-03
308      5.0188E-03    1.1047E-02    1.1970E-03
309      2.2342E-03    1.4234E-02    1.2657E-04
310      2.1048E-03    1.7240E-02    4.9865E-05
311      2.7833E-03    6.3851E-03    1.4108E-03
312      5.0989E-03    1.3003E-02    5.1537E-04
313      7.8596E-03    1.5951E-02    1.0718E-03
314      1.0999E-03    3.5984E-02    2.8899E-04
315      1.0054E-03    1.8725E-02    1.7873E-03
316      9.1130E-03    4.2647E-02    6.6516E-04
317      4.6540E-03    8.2875E-02    1.6321E-03
318      5.8315E-03    6.8113E-02    1.3228E-03
319      9.2979E-04    7.1565E-02    5.4388E-04
320      3.5259E-03    6.9093E-02    6.0036E-04
321      8.9126E-03    3.8862E-02    9.3142E-04
322      5.3226E-03    1.3617E-02    2.6523E-03
323      9.2937E-03    4.7375E-02    1.1201E-03
324      1.4942E-02    7.4389E-02    5.1751E-04
325      1.8285E-02    1.6689E-01    5.4135E-03
326      5.4957E-02    1.7613E-01    2.2171E-03
327      4.7274E-02    7.5472E-02    5.8798E-03
328      8.5188E-03    5.5567E-02    4.1780E-03
329      2.7472E-02    6.6692E-03    5.2291E-03
330      4.8678E-03    2.4766E-01    1.2491E-02
331      1.0420E-01    1.5510E-01    9.1880E-03
332      6.6215E-02    1.4744E-02    5.6064E-03
333      5.6092E-02    3.4685E-01    1.1025E-02
-----------------------------------------------
               Did not converge!               
